"CN_100_109_8","../models/CN/100/CN_100_109_8.xml","../queries/cora.q",,,,,,,
