SP_300_124_10,"../models/SP/300/SP_300_124_10.xml","../queries/SP_300_124_10.q",,,,,,,
