SP_300_119_9,"../models/SP/300/SP_300_119_9.xml","../queries/SP_300_119_9.q",,,,,,,
